2 2 2 2 2
0 0 0 0 0 1.03591552
0 0 0 0 1 0.796668207
0 0 0 1 0 1.009431397
0 0 0 1 1 0.59677826
0 0 1 0 0 0.963189781
0 0 1 0 1 0.996618331
0 0 1 1 0 1.092403339
0 0 1 1 1 0.833079088
0 1 0 0 0 0.943715771
0 1 0 0 1 0.888432727
0 1 0 1 0 1.002717111
0 1 0 1 1 0.928951055
0 1 1 0 0 0.967901712
0 1 1 0 1 1.021923445
0 1 1 1 0 1.013636443
0 1 1 1 1 1.020410607
1 0 0 0 0 1.037012282
1 0 0 0 1 0.92746839
1 0 0 1 0 1.106062559
1 0 0 1 1 0.934084269
1 0 1 0 0 1.052973037
1 0 1 0 1 1.123532582
1 0 1 1 0 1.205418154
1 0 1 1 1 1.094050276
1 1 0 0 0 1.147551902
1 1 0 0 1 1.028532981
1 1 0 1 0 1.07888021
1 1 0 1 1 1.021659021
1 1 1 0 0 1.092542504
1 1 1 0 1 1.004929517
1 1 1 1 0 1.083998476
1 1 1 1 1 1.049613122