0.323320514	0.004927896064	0.01740365748	0.0001678188137	0.002387043196	0.001075109825	0.001994260363	0.0004258470823	0.006047361119	0.009775983209	0.0002501979225	0.0002419364553	0.001254094914	0.0004676173772	0.0001324434254	0.0319523244	0.03460299225	0.007432424877	0.01238083144	0.03459759879	0.03216315487	0.01413502343	0.0005352600724	0.0003050335762	0.004505566833	0.01173933695	0.006454821471	0.0003556559183	0.008820281385	9.376686115e-05	0.0001978915966	0.01306175073	0.005037029962	0.0008172088259	0.0003639809783	0.0242687509	0.002439342	0.1168208539	0.004170679881	0.01208562239	0.09133347413	0.001967490701	0.09112726128	0.008781096773	0.01403408156	0.0001473278585	0.001316977718	0.002412967139	0.002490257251	0.004099055017	0.002388133962	0.0005069187071	0.002848499296	0.01019413009	0.001586844106	0.008601562951	0.003142080153	0.003812875729
0.01535860159	0.3050644993	0.01732095881	0.0001126398316	0.001317985805	0.001266413591	0.0008601905684	0.0002786028324	0.01231240932	0.01627089688	0.0001679326127	0.0001623875236	0.00119515999	0.000451838949	8.889590383e-05	0.0208888425	0.02214639573	0.01471873336	0.01257072875	0.02254190548	0.02269050368	0.01407914669	0.0004275351577	0.0002946287501	0.01048136306	0.019696587	0.01327906212	0.0004277575929	0.01629526666	6.293622992e-05	0.0001328246554	0.01341091827	0.009920805272	0.0004345994171	0.0002014054957	0.02891163021	0.001561072007	0.2717619842	0.00723708133	0.01052447675	0.01085320188	0.001388027859	0.02224617117	0.00675455798	0.01341209554	0.0001176770741	0.002209505856	0.001544332489	0.001593799234	0.002751281912	0.00152841531	0.0002536995395	0.001861625122	0.01228100805	0.00118245668	0.01015753017	0.002047207792	0.0008898024927
0.01357216638	0.004334015311	0.3309557536	0.0001897231468	0.001520194337	0.001102587088	0.001171574614	0.0005156531915	0.009294033844	0.01247962957	0.0002828546819	0.0002735148974	0.001282759023	0.0005000724703	0.0001497304317	0.02727748201	0.02909645383	0.006804776933	0.012972554	0.03087021086	0.03502273338	0.01210614491	0.0005021728705	0.0003312136441	0.003962582689	0.01602362798	0.009592913992	0.0003734047547	0.01233572996	0.0001060056591	0.0002237211405	0.01122581246	0.004574735407	0.00053628806	0.000232815516	0.08371665502	0.002050831126	0.1027422987	0.005608242465	0.01211004422	0.01305418342	0.002142417388	0.07684154172	0.05577635613	0.01441649493	0.0001382207592	0.001797535201	0.002028980223	0.002093970793	0.004634078857	0.002008044074	0.0003947902295	0.002430962135	0.009886565482	0.001582948529	0.008816134016	0.002803566729	0.001129495201
0.0007251884843	0.0001561752139	0.001051288525	0.3235148192	0.03074288821	0.001474781879	0.02947912908	0.02206575158	0.0002879072382	0.003146675674	0.019916023	0.01925840134	0.01190463898	0.01592264151	0.01054263872	0.001630004233	0.001145163827	0.001294448236	0.0004152576187	0.001116346682	0.004902371633	0.0008593912912	0.0262702743	0.01995952873	0.0001427907274	0.001046545066	0.0006854661556	0.01922244484	0.001031829715	0.007463942722	0.01575238334	0.0004324491064	0.0002257721845	0.01531166757	0.004623929163	0.002279291585	0.0001013060231	0.003702294368	0.0009961237899	0.001342463285	0.000830187845	0.0002998888212	0.001380670311	0.0006883219522	0.001275934176	0.007230771457	0.0001261057588	7.985559932e-05	8.241346598e-05	0.326289176	8.248390964e-05	0.01316136044	0.0001893464749	0.0007439115335	0.007431372574	0.007875634874	0.0001013842254	0.009988745789
0.001582750892	0.0002803966925	0.001292536309	0.004717226205	0.3876752178	0.001744819116	0.04689924927	0.01011342139	0.0005263892956	0.004014051518	0.007032824093	0.006800602158	0.02039023615	0.005932661777	0.003722857902	0.003250803404	0.002674770069	0.002160436172	0.0008253385018	0.002562653771	0.01388845773	0.0007532390327	0.02369996735	0.00705066948	0.0002563662101	0.002287936685	0.0006829153265	0.006793125746	0.001892224565	0.002635696706	0.005562543342	0.0009073262185	0.0004585769255	0.06827836582	0.05830717045	0.004240989707	0.0004485909544	0.006647092517	0.004279070898	0.002678060055	0.00201556013	0.0008495874097	0.002673756724	0.001607541475	0.002561256471	0.006523306361	0.0002644998472	0.0001865194847	0.0001924939182	0.1152205126	0.0002281984352	0.01188344348	0.0004871576176	0.001674294607	0.04937563551	0.01263126327	0.0002327347514	0.06544460969
0.00323692008	0.001223389006	0.004256801519	0.001027535148	0.007922774005	0.3321189112	0.007010638704	0.002026218147	0.002091560435	0.03682629023	0.001531932885	0.001481348878	0.02166045426	0.009060249533	0.000810935745	0.02754957999	0.008445645745	0.03566991577	0.00389048767	0.008642764287	0.04361254071	0.002231212405	0.002439972632	0.00154863	0.001118542449	0.0071210094	0.002212211183	0.001506659869	0.00491291016	0.0005741236243	0.001211667312	0.002407081292	0.002493138823	0.002924534747	0.001192806386	0.0152856578	0.0006003025381	0.02900169698	0.007006529001	0.01173226547	0.007503812592	0.002667874735	0.009301599633	0.005689185172	0.01129323319	0.0006715911779	0.0007995722887	0.0005889394046	0.0006078038108	0.02509803884	0.0005837041825	0.001963501708	0.002464063971	0.01043780605	0.00927455679	0.2495798466	0.0007849174244	0.003072106411
0.001552156001	0.0002148117593	0.001169270024	0.005309552352	0.05505124092	0.001812307764	0.3618758501	0.03099331664	0.0004913632513	0.003646854156	0.007915912039	0.007654530781	0.007340081722	0.006639211704	0.004190324583	0.003614328301	0.002548469185	0.002104110524	0.0007094422974	0.002748385981	0.009367342418	0.0006744794327	0.02747055602	0.007934887359	0.0001964020193	0.001967376348	0.0006589643926	0.007643779435	0.001263524872	0.002966652231	0.006261013104	0.0008485046119	0.0003609939853	0.08032183721	0.008280134043	0.004631203567	0.0002164798009	0.005092334097	0.00139293505	0.004560570509	0.001756306698	0.0005730208735	0.002313124621	0.001243957393	0.002932689869	0.007561143446	0.0002297934858	0.0001777121572	0.0001834044819	0.1296883628	0.0001820575345	0.07464614562	0.0007431673687	0.00134426023	0.008693487696	0.01299734033	0.0002496025547	0.07479293222
0.0007156515331	0.0001502253837	0.001111212179	0.008581365546	0.02563266398	0.001130980155	0.06692100776	0.3451076094	0.0005126091896	0.002653394133	0.01279379698	0.01237134929	0.008019592764	0.01027499786	0.006772455495	0.001883030392	0.001557781664	0.001108993779	0.0005341507606	0.00148412155	0.004553056049	0.0006527572824	0.0192102551	0.01282229446	0.0001373508081	0.001315876257	0.0007680052482	0.01234940786	0.001116438165	0.00479474079	0.01011912843	0.0004247796708	0.0002203380005	0.02001117082	0.003855404949	0.005889982589	0.0001269451553	0.003561247514	0.0009233952245	0.001627350705	0.0008913409806	0.0002785204211	0.001381908422	0.0007054647119	0.00142845507	0.005287533838	0.0001539745154	0.0001086286394	0.0001121081396	0.2096039693	0.0001103826508	0.1367733562	0.0002514070669	0.0007357228591	0.005577793168	0.006536682405	0.0001347847547	0.01613105191
0.01017642696	0.006647867061	0.02005510863	0.0001121170722	0.001335931459	0.001169016628	0.001062376801	0.0005132959933	0.2970055168	0.01852487872	0.0001671532405	0.0001616338861	0.001151784877	0.0004265640091	8.848333956e-05	0.0250990096	0.02702632683	0.009312974882	0.01286229299	0.02665541684	0.02453502722	0.008827142013	0.0003811492025	0.0002407705989	0.006078133336	0.02460749108	0.01607524653	0.0003153831164	0.01968794098	6.264414402e-05	0.0001322082186	0.008469134883	0.006200634275	0.0004646513713	0.0002048050212	0.1501758087	0.001904869459	0.1575945387	0.008650505725	0.01241627956	0.0107846629	0.001500861408	0.0195717092	0.007771843056	0.01599531813	0.0001049095545	0.002760346044	0.001884624256	0.001944990938	0.002738513262	0.00186516909	0.0003746122522	0.002236776303	0.009969624092	0.001222308348	0.00937390507	0.002420788123	0.0009004971452
0.005915566741	0.003159055595	0.00968342423	0.0004406336319	0.003663250056	0.00740141468	0.002835311611	0.0009554099199	0.006661344103	0.325640378	0.0006569324191	0.0006352406897	0.005575841797	0.002387349949	0.0003477502089	0.02683732594	0.0245326411	0.01207962646	0.006538174404	0.02417928411	0.02934623184	0.004635150006	0.001098768146	0.0006931268864	0.002888319057	0.03265199721	0.006889665811	0.0007071544873	0.02373353989	0.0002461990504	0.0005195942634	0.004521630172	0.003421255363	0.001271066737	0.0005544783914	0.05924707472	0.001730754021	0.07488866798	0.05495605082	0.05128556824	0.009779371872	0.001795173343	0.013584116	0.006474528594	0.04578613821	0.0003024308486	0.003662935487	0.001710732309	0.001765529031	0.0107626878	0.001693347974	0.0008452735609	0.002394413213	0.007758222083	0.003077760641	0.05942962118	0.002195911027	0.001569558038
0.0007341174352	0.0001580981358	0.001064232613	0.01352303606	0.03112141289	0.001492940269	0.0298420936	0.0223374382	0.000291452123	0.003185419412	0.3218237371	0.01949552221	0.01205121596	0.01611869052	0.01067244594	0.001650073812	0.001159263764	0.00131038625	0.0004203705169	0.001130091805	0.004962732541	0.0008699726266	0.0265937295	0.02020528229	0.0001445488516	0.00105943075	0.0006939060216	0.01945912299	0.001044534215	0.007555843213	0.01594633603	0.0004377736764	0.0002285520256	0.01550019391	0.004680861723	0.002307355576	0.000102553363	0.003747879213	0.001008388657	0.001358992489	0.0008404096102	0.0003035812303	0.001397669943	0.0006967969804	0.001291644234	0.007319801005	0.0001276584477	8.083882884e-05	8.342818947e-05	0.3303066419	8.349950047e-05	0.01332341092	0.000191677821	0.0007530710136	0.007522872042	0.007972604363	0.0001026325281	0.01011173315
0.0007444380688	0.0001603207678	0.001079194191	0.01371315047	0.03155893513	0.001513928858	0.03026163045	0.02265147041	0.00029554952	0.00323020182	0.02044467889	0.311614478	0.01222063869	0.01634529609	0.01082248516	0.001673271473	0.001175561342	0.001328808393	0.0004262803208	0.001145979268	0.005032501411	0.0008822031886	0.02696759903	0.02048933946	0.0001465810002	0.00107432482	0.0007036613407	0.01973269023	0.001059218862	0.007662067484	0.01617051855	0.0004439281437	0.0002317651378	0.01571810431	0.004746667896	0.002339793671	0.0001039951156	0.003800568996	0.001022565149	0.001378097966	0.0008522245588	0.0003078491451	0.001417319169	0.0007065929423	0.001309802892	0.007422706863	0.0001294531416	8.197530633e-05	8.460106964e-05	0.3349502775	8.467338317e-05	0.01351071889	0.0001943725351	0.0007636581073	0.007628632786	0.008084687696	0.0001040753936	0.01025388956
0.001887173788	0.0005770552543	0.002475243449	0.004145600675	0.0462755358	0.01082604688	0.01419151869	0.007181015671	0.001029967319	0.01386615404	0.00618059831	0.005976516638	0.3586727839	0.007567182915	0.003271728249	0.01094438038	0.004545712218	0.01259783952	0.001955371768	0.004643174556	0.03289485636	0.001312475909	0.009633047331	0.006199925194	0.0005276006192	0.003531672791	0.001192071274	0.005977609556	0.002470446931	0.002316307416	0.004888483705	0.001296858409	0.001195176713	0.0111707402	0.006960544863	0.007891071847	0.0003512941275	0.0136796894	0.003181693376	0.005999598649	0.004338902737	0.002012250485	0.005460987718	0.00371602059	0.005654801944	0.002651451709	0.0003993430249	0.000316985714	0.0003271391309	0.1012582849	0.0003188948496	0.005089322067	0.001007718936	0.005045525175	0.1247953289	0.08588134809	0.000421683213	0.009822246207
0.001328028522	0.0004117278935	0.001821130467	0.01046457575	0.02541054979	0.008546292917	0.02422589146	0.01736403174	0.0007198989723	0.01120461488	0.01560143975	0.01508628446	0.01428135792	0.3196557319	0.00825869416	0.007828264343	0.002893619026	0.009511440204	0.001247066918	0.002918664074	0.0141688685	0.001190437713	0.0206792741	0.01563870981	0.0003764420996	0.002501733971	0.001052848236	0.0150648248	0.001962982904	0.005846963157	0.01233980598	0.0009058464036	0.0007682998167	0.0124118525	0.003822190478	0.005395224908	0.0002209042735	0.009760433961	0.002435814125	0.003829692695	0.002427671825	0.0008667407512	0.003278257441	0.001885649093	0.003673918208	0.005691874519	0.0002874793794	0.000201780458	0.000208243718	0.2556022817	0.0002025404331	0.01053731629	0.0007334889574	0.003062574968	0.007900498681	0.06564701485	0.000265066848	0.008375146208
0.0007389399309	0.0001591366993	0.001071223671	0.01361187033	0.03132585277	0.001502747553	0.0300381295	0.02248417522	0.0002933667031	0.003206344771	0.02029368223	0.01962359037	0.01213038168	0.01622457592	0.307817597	0.001660913323	0.001166879091	0.001318994317	0.0004231319756	0.001137515498	0.00499533326	0.0008756875696	0.02676842655	0.02033801295	0.0001454984084	0.001066390263	0.0006984643642	0.01958695204	0.001051395872	0.007605478353	0.01605108922	0.0004406494583	0.0002300534082	0.01560201634	0.004711610803	0.00232251284	0.000103227047	0.003772499431	0.00101501287	0.001367919856	0.0008459303506	0.0003055754877	0.001406851386	0.0007013743141	0.001300129183	0.007367885558	0.0001284970497	8.136986773e-05	8.397623815e-05	0.3324764615	8.40480176e-05	0.01341093383	0.0001929369731	0.0007580180174	0.007572290591	0.008024977251	0.0001033067321	0.01017815821
0.01252822459	0.002627914998	0.01371458606	0.0001478991076	0.001922319142	0.003587756085	0.001820795456	0.0004393356778	0.005848092611	0.01738963244	0.0002205000061	0.000213219156	0.00285165356	0.001080776256	0.0001167226962	0.3606175794	0.03068790643	0.007996476431	0.008780488854	0.03067723218	0.03228793283	0.006748761235	0.0004622418372	0.0002499250805	0.00240269813	0.01963607021	0.00602702062	0.0002736896661	0.01204407549	8.263695097e-05	0.0001744023204	0.006551245804	0.003834321352	0.0007043192539	0.0002935239781	0.05409824226	0.002163216945	0.06229743284	0.006603324176	0.03782059732	0.04243679209	0.001975123642	0.0406035444	0.01897056276	0.0450573199	0.000127229927	0.002202729207	0.002139956835	0.002208502113	0.00361250664	0.002117911458	0.0004810525791	0.03211618142	0.01274231427	0.002069006513	0.02882750226	0.002786040817	0.001500933692
0.01075519975	0.002208603449	0.01159674853	8.236869672e-05	0.001253830965	0.000871883663	0.001017725605	0.0002881134169	0.004991860416	0.01260123814	0.0001228019454	0.0001187470586	0.0009389128304	0.0003166864019	6.500577673e-05	0.02432680159	0.4081991319	0.004345189942	0.007328204907	0.02626258848	0.02497514573	0.005724261684	0.0002789409953	0.0001474007803	0.002019322307	0.01678476027	0.005139852178	0.0001696930882	0.01028597479	4.602257623e-05	9.712899606e-05	0.005524121243	0.00310848312	0.0004232881123	0.0002471716323	0.04667269624	0.02875799045	0.05235722051	0.005309497715	0.03218075589	0.03692249292	0.001527784422	0.03467105362	0.01560444419	0.0392852765	7.677721839e-05	0.001882837273	0.02846491091	0.02937667473	0.002011894924	0.02816893555	0.0003197809734	0.002167929924	0.009983558238	0.00115531565	0.006991681408	0.002385112289	0.001062167481
0.008249228916	0.005241590996	0.009684742384	0.0003324736742	0.003616362676	0.0131493948	0.003000529251	0.0007324264289	0.006142453001	0.02215646241	0.0004956787664	0.0004793115887	0.009291747718	0.003717169357	0.0002623898434	0.02263572532	0.01551624997	0.3387653899	0.01675762541	0.01678573829	0.03583323403	0.007106008282	0.0009192435613	0.000554486704	0.004792377566	0.01172042836	0.006584728602	0.0005998139282	0.009123697812	0.0001857658992	0.000392052266	0.008918985073	0.01348563182	0.001257082814	0.0005461322388	0.02126582316	0.001095528399	0.1242573155	0.006041424172	0.01058133193	0.009079472824	0.00219199749	0.01680369558	0.006280983515	0.01161381329	0.0002530175372	0.001314984126	0.001081993171	0.001116650656	0.008120828958	0.001071144244	0.0007926129695	0.002020420737	0.06256133032	0.004487491031	0.1057175929	0.00152444496	0.001693742845
0.01275057098	0.004153843618	0.01713155015	9.896626476e-05	0.001281916208	0.001330775263	0.0009387358187	0.0003273374866	0.007871704884	0.01112757197	0.0001475469483	0.0001426749883	0.001338220485	0.0004522231804	7.810465829e-05	0.02306276877	0.02428133727	0.01554925097	0.3369908051	0.02608719109	0.03338131663	0.01147010244	0.0003180606875	0.0001936363438	0.003797852023	0.01367138786	0.008171579999	0.0002386577818	0.01054287728	5.529627936e-05	0.0001167008138	0.01371095278	0.01684195527	0.0004209212479	0.0001962870435	0.06398281492	0.001711451923	0.09847114311	0.004858212557	0.01057125636	0.01157694973	0.002042008327	0.07234163011	0.007880596443	0.0124549734	8.754473268e-05	0.001533623605	0.001693208163	0.001747443567	0.002417298484	0.001675738193	0.0002853161301	0.002055289346	0.08874209242	0.001528856631	0.01067955353	0.002369183071	0.001023134647
0.01347552486	0.002817086748	0.01541809368	0.0001006209852	0.00150534962	0.001118080966	0.001375383928	0.0003439705595	0.006169582745	0.01556349957	0.00015001394	0.0001450605206	0.001201802915	0.000400282942	7.94105717e-05	0.03047395566	0.03291034499	0.005890570415	0.009866138973	0.3558863735	0.03255280152	0.007395275711	0.000346219487	0.0001813760088	0.002575657533	0.02055012992	0.006361234939	0.0002100556386	0.01241209469	5.622083564e-05	0.0001186520567	0.007250264886	0.004452404544	0.0005389111042	0.0002311303106	0.05643162941	0.002319505314	0.06678194411	0.006486128603	0.04117087246	0.04470345286	0.001991326241	0.0451736141	0.02399515792	0.04563703062	9.529531196e-05	0.002305220697	0.00229493393	0.002368443302	0.002457715824	0.002271229432	0.0003686449663	0.002715832125	0.01583615544	0.00148452405	0.008967446907	0.03232084162	0.001699477438
0.01090766207	0.002469033792	0.0152305092	0.0003847414799	0.007103538937	0.004912530668	0.00408165147	0.0009188150482	0.004944588566	0.01644710501	0.0005736038578	0.0005546636147	0.007413435919	0.00169196526	0.0003036398503	0.02792712317	0.02725061064	0.01094904426	0.01099250502	0.02834403474	0.3474908481	0.006497382279	0.00115474005	0.0006020187142	0.002257433318	0.01603770896	0.005128201604	0.0006107499721	0.009505620958	0.0002149699436	0.0004536863538	0.006938512267	0.006161741377	0.001997601588	0.001072291833	0.04219938383	0.001924540449	0.05853099015	0.0057031767	0.03449322284	0.03234713124	0.02125677705	0.03962616459	0.03317027719	0.03075031201	0.0003178368561	0.001799331146	0.001900264218	0.001961131866	0.00939749518	0.001881295293	0.001050671488	0.002494134163	0.02825638686	0.01307620885	0.03941756074	0.002574144799	0.006347252551
0.02058557413	0.006578890378	0.02260807951	0.000289632403	0.001654424602	0.001079265318	0.001262064793	0.0005656792483	0.007639363027	0.01115563596	0.0004318075186	0.000417549352	0.001270212267	0.0006104588123	0.0002285793035	0.02506706236	0.02682137915	0.009324151761	0.01622011488	0.02765165247	0.02790177539	0.3217401378	0.0007149967602	0.0005052199336	0.006015068074	0.0134268188	0.008191858096	0.0005691739609	0.01057654967	0.0001618288243	0.000341533928	0.01768938513	0.00641897583	0.0006167837862	0.0002526773274	0.02558958162	0.001890644867	0.1559593753	0.004849256318	0.01058804357	0.013680192	0.001706812775	0.1256270589	0.008469196387	0.01264192698	0.0001967995502	0.001506322	0.00187033266	0.001930241565	0.007074410361	0.001851062002	0.0004285678537	0.002234272163	0.0116648631	0.001391633276	0.008598598003	0.002511264118	0.001155184043
0.0006050999196	0.0001550757697	0.0007279588762	0.00687252933	0.04040710216	0.0009161531007	0.03990030227	0.01292252702	0.0002560518072	0.002052732676	0.01024612511	0.009907800848	0.007236764696	0.008231533986	0.005423833628	0.001332736905	0.001014541386	0.0009362892049	0.0003491342201	0.001004879586	0.003849226284	0.0005550088001	0.3855985513	0.01026933094	0.0001417855076	0.0009973083318	0.0004664400919	0.009891034467	0.000789888921	0.003839947912	0.008104072309	0.0003722636051	0.0002015038519	0.0943792813	0.006077419004	0.001795252881	9.858917323e-05	0.003676230912	0.0008647769063	0.001162889256	0.0006857198526	0.0002354656112	0.001068723738	0.0005365219799	0.001318396513	0.1061342172	0.0002397866015	7.074691713e-05	7.301302222e-05	0.1678648252	7.455735303e-05	0.0116746313	0.0001780444298	0.0005943682681	0.006907801176	0.005318612742	9.126102142e-05	0.01330333283
0.0008776316202	0.0002719879125	0.001221980251	0.01328937775	0.03059445233	0.001479902616	0.02933268854	0.02195242145	0.0004116599834	0.00329565278	0.01981288409	0.01915866806	0.01185412701	0.01584341419	0.01048804166	0.001833949543	0.001364456118	0.001437384394	0.0005409681138	0.00133981466	0.005107420024	0.0009981105399	0.02613632481	0.326458359	0.0002486780771	0.001241431786	0.0008169608409	0.01912560076	0.001192188326	0.007425289277	0.01567080664	0.0005666173202	0.0003255194753	0.01523548131	0.004601635718	0.002561443865	0.0001166552967	0.006447753722	0.001064510943	0.001442473629	0.0009362395548	0.0003124320808	0.001599737914	0.0007534202519	0.001405673858	0.007193902479	0.0001479217446	9.514748759e-05	9.819517102e-05	0.3245994255	9.76000173e-05	0.01309465392	0.0002072901369	0.0008649441722	0.007404280774	0.007937518102	0.0001216791106	0.009945213241
0.01533198323	0.0114439652	0.01729093945	0.0001124446128	0.001315701573	0.00126421874	0.0008586997516	0.0002781199792	0.01229107038	0.0162426974	0.0001676415647	0.0001621060859	0.00119308863	0.0004510558561	8.874183622e-05	0.02085263955	0.02210801329	0.01469322397	0.01254894212	0.02250283757	0.02265117823	0.01405474578	0.0004267941863	0.000294118122	0.3052881409	0.01966245038	0.01325604786	0.000427016236	0.01626702495	6.282715363e-05	0.0001325944538	0.01338767549	0.009903611288	0.0004338462024	0.000201056435	0.02886152278	0.001558366476	0.271290987	0.007224538572	0.01050623653	0.01083439193	0.001385622235	0.0222076158	0.006742851495	0.01338885071	0.0001174731252	0.002205676508	0.00154165597	0.001591036983	0.002746513599	0.001525766377	0.0002532598468	0.001858398695	0.01225972355	0.001180407336	0.01013992591	0.002043659728	0.0008882603548
0.005893575235	0.00317275186	0.01031543317	0.0001215858251	0.001732315443	0.001187401729	0.00126902214	0.0003930994035	0.00734130358	0.02709000611	0.0001812700266	0.0001752845398	0.00117824128	0.0004422416371	9.595612547e-05	0.02514217047	0.02711100278	0.005301465276	0.006664507272	0.02648805713	0.02374130345	0.004628517823	0.0004428967205	0.000216617485	0.002900841528	0.3729878712	0.00755139447	0.0002484609993	0.02289435001	6.793470244e-05	0.0001433737523	0.004472044756	0.003223079236	0.0005716565319	0.0002644337705	0.06971897574	0.001911100781	0.07521335205	0.04236025565	0.05178681815	0.009657716357	0.001452307585	0.01350921169	0.006236223367	0.05870618366	0.0001219052732	0.04183815593	0.001890528956	0.001951084772	0.002969792094	0.001871056963	0.0003672809938	0.00224099762	0.006436479228	0.001251757687	0.009519025412	0.00240558887	0.0009327337377
0.01026364232	0.006774769773	0.01955956433	0.0002522278502	0.001637690556	0.001168327801	0.001346249983	0.00072666381	0.01518957068	0.01810420751	0.0003760417721	0.0003636249753	0.001259615532	0.0005894762155	0.0001990594481	0.02444178264	0.02629438863	0.009433488542	0.01261663353	0.02596922433	0.0240441446	0.008944029912	0.0006560710876	0.0004514959908	0.006194160265	0.02391713569	0.3034325294	0.0005199004075	0.01916515886	0.0001409294541	0.000297426557	0.008572129103	0.006280304478	0.0006175316281	0.0002500848625	0.1412410481	0.001853507775	0.1606028982	0.008430538533	0.01210664231	0.01059985161	0.001470833042	0.01936564584	0.007584962201	0.01558411536	0.0001805805314	0.002683000158	0.00183358408	0.001892315886	0.006160786217	0.001814693829	0.0005016037538	0.002178677133	0.009913718894	0.001276990103	0.009326488168	0.002358469582	0.0009897661833
0.001070801776	0.0004132250441	0.001441618142	0.01339298597	0.03084582623	0.001506659511	0.02956879856	0.02212469269	0.0005642714358	0.003518499006	0.01996735164	0.01930803513	0.01195983252	0.01597078883	0.01056980978	0.002101601497	0.00164375986	0.001627094443	0.0006977097954	0.001623729404	0.005422124255	0.001176677949	0.02634259235	0.02001379803	0.0003778109419	0.001490053996	0.0009844233962	0.3119701537	0.001399147467	0.007483179197	0.01579298123	0.0007337543035	0.0004484396306	0.01535796961	0.004639482727	0.002932070969	0.000136500606	0.009795925459	0.00116054224	0.00158131419	0.001075175402	0.0003316832287	0.001882062827	0.0008412014661	0.001579280362	0.007250676666	0.0001758780982	0.0001146241486	0.0001182956919	0.327130106	0.0001169023487	0.01319847618	0.0002314807645	0.0010206618	0.007475597473	0.008121874009	0.0001474636423	0.0100325263
0.007183752426	0.004258339208	0.01288324076	0.0001944763054	0.002324284596	0.001329011054	0.001322206236	0.0005410727485	0.009528834822	0.03194445798	0.0002899410769	0.0002803673016	0.00133709713	0.0005629485089	0.0001534816476	0.02501815692	0.02695315115	0.00669509867	0.008337738033	0.02595459553	0.02282844745	0.005914887357	0.0005690791738	0.0003374808744	0.003893392159	0.03714171649	0.009816667159	0.0003784890892	0.3212181757	0.0001086614326	0.0002293260553	0.00569169781	0.004132660689	0.0006914948819	0.0003534439349	0.08848488516	0.001900377571	0.1009483187	0.06824024387	0.01526160367	0.009847314145	0.001396466182	0.01511611603	0.006515928798	0.07169893342	0.0001566364096	0.004166371092	0.001879521504	0.001939724738	0.004750177036	0.001860230625	0.0004302032276	0.002230235493	0.007409284211	0.001342997081	0.01063681216	0.002357141026	0.001032605473
0.0007213380661	0.0001553459951	0.001045706665	0.01328762976	0.03057965758	0.001466951464	0.02932260842	0.02194859256	0.0002863785829	0.003129968269	0.01981027805	0.01915614807	0.01184143081	0.01583809959	0.01048666214	0.001621349658	0.001139083533	0.001287575309	0.0004130527912	0.001110419393	0.004876342288	0.0008548283176	0.02613079119	0.01985355279	0.0001420325742	0.001040988392	0.0006818266447	0.01912038248	0.001026351173	0.321243328	0.01566874541	0.000430153	0.0002245734378	0.01523036964	0.004599378221	0.002267189593	0.0001007681346	0.003682636883	0.0009908348295	0.00133533542	0.0008257799283	0.0002982965491	0.001373339585	0.0006846672784	0.001269159551	0.007192379377	0.0001254361951	7.943160272e-05	8.197588828e-05	0.3245567301	8.204595792e-05	0.01309147966	0.0001883411319	0.0007399617045	0.007391915394	0.007833818865	0.0001008459216	0.00993571013
0.0007486054076	0.000161218238	0.001085235483	0.01378991622	0.03173560096	0.00152240378	0.03043103402	0.02277827256	0.0002972039961	0.003248284379	0.0205591275	0.01988027072	0.01228904941	0.0164367965	0.01088306906	0.001682638389	0.001182142094	0.001336247017	0.0004286666234	0.00115239442	0.005060673181	0.0008871417317	0.02711856272	0.02060403807	0.0001474015556	0.001080338853	0.0007076004127	0.01984315315	0.001065148332	0.007704959475	0.3041416893	0.0004464132382	0.0002330625511	0.01580609372	0.00477323958	0.002352891756	0.0001045772766	0.003821844451	0.001028289433	0.001385812511	0.0008569952826	0.000309572474	0.001425253273	0.0007105484253	0.001317135123	0.007464258921	0.0001301778159	8.243420128e-05	8.507466352e-05	0.3368253176	8.514738186e-05	0.01358635143	0.0001954606258	0.0007679330391	0.00767133761	0.0081299455	0.0001046580041	0.01031129048
0.01895191457	0.00624338446	0.02088626738	0.0001452032879	0.001985467901	0.001160014212	0.001581803	0.0003667477791	0.007302327919	0.0108420355	0.0002164808591	0.0002093327201	0.001250439752	0.0004627958993	0.0001145951422	0.02424312047	0.02578754953	0.01165961763	0.01931699251	0.02700883431	0.02968554497	0.01762373625	0.0004777932727	0.0002857438741	0.005708315595	0.01292476263	0.007822095752	0.0003536090057	0.01013968856	8.113069225e-05	0.0001712234154	0.3214549641	0.009887590701	0.0006723998154	0.0003023182112	0.02510909148	0.001818034938	0.1480058618	0.004678454058	0.01044814824	0.01318206664	0.001815929871	0.1126084095	0.008269602782	0.01236785882	0.0001315103877	0.001449927724	0.001798240718	0.001855840435	0.00354665995	0.001779757269	0.0004124250296	0.002161377537	0.0352237452	0.00147168643	0.009291571846	0.002452884744	0.002795072817
0.01007486941	0.006366806947	0.01173335537	0.0001045021136	0.001383326832	0.001656274086	0.0009277080958	0.0002622444861	0.007370069638	0.01130874655	0.0001558002416	0.0001506557601	0.001588603537	0.0005411016525	8.247357716e-05	0.0195598863	0.02000361925	0.02430263493	0.03270977666	0.02286439832	0.03634087039	0.008815849762	0.0003565217234	0.0002262961954	0.00582116056	0.01284105215	0.007900022297	0.0002979132607	0.01014905776	5.838937218e-05	0.0001232286753	0.01363024535	0.3125065289	0.0004412875261	0.0002109252791	0.02440342587	0.001410159771	0.150931719	0.004735763466	0.00993388835	0.01018583603	0.002223050719	0.02239970416	0.006929189756	0.01155380911	9.813095487e-05	0.001440497698	0.001394910462	0.001439591048	0.002552514247	0.001380555051	0.0002594097563	0.001743379234	0.143996685	0.001706712655	0.01329728159	0.002076495904	0.00104108724
0.0008857082273	0.0001511320714	0.0007453274406	0.003840341717	0.1116062356	0.001052774289	0.1118504545	0.01290571885	0.0002992646619	0.002276617514	0.005725493453	0.00553643922	0.008045593619	0.004736717407	0.003030816392	0.001946884188	0.001476008563	0.001227548592	0.0004429744295	0.001499598617	0.006384008732	0.0004590120932	0.09048405386	0.005739171378	0.000138179791	0.001234120416	0.0004209200007	0.005528564639	0.0009201903699	0.002145747431	0.004528522975	0.000502265696	0.0002391191677	0.3659845773	0.01678591457	0.002529744686	0.0001788784744	0.003582741478	0.00151833254	0.002023752794	0.0010541506	0.000390523811	0.001426261084	0.0007983630259	0.00161002431	0.02490531719	0.0001684483731	0.0001029263635	0.0001062232133	0.09380218839	0.0001144130134	0.02427726917	0.0003391544954	0.0008512061741	0.01500287162	0.007324246803	0.000136190349	0.03698075431
0.001140630018	0.0002025103809	0.0009355551248	0.00335325846	0.2755724431	0.001241529144	0.03333880014	0.007189326039	0.0003813970173	0.002871539689	0.004999310159	0.0048342343	0.01449532165	0.00421756393	0.002646407913	0.002345970898	0.002492068119	0.001541988362	0.0005972799282	0.001859616027	0.009908458039	0.0005437082618	0.01684701807	0.005012030771	0.0001851548904	0.001650622507	0.0004928743758	0.004828993584	0.001359933669	0.001873595179	0.003954155411	0.0006529481861	0.0003304683332	0.04853482712	0.3291709241	0.003082163667	0.000360491199	0.004800717247	0.00304937009	0.001950215164	0.001486153743	0.0006061221025	0.001950760311	0.00116526993	0.001877469836	0.004637063779	0.0001907389846	0.0001737791471	0.000179345493	0.08190494622	0.0002029773872	0.008447554174	0.0003494230932	0.001204585152	0.0350992854	0.008988781755	0.0001688863625	0.04652143685
0.007029255174	0.002686855623	0.03109317743	0.0001527747283	0.001852579333	0.001470506241	0.001723464116	0.001015144734	0.02584832752	0.02835912885	0.0002277689777	0.0002202481081	0.001518855274	0.0005502431923	0.0001205705599	0.03996298924	0.04349305864	0.005549594565	0.01799473295	0.04196476003	0.03604084479	0.005089306646	0.0004599655131	0.0002578588919	0.002456587441	0.04022329272	0.02572797133	0.000282070274	0.03146748691	8.536114885e-05	0.0001801516423	0.005012347653	0.003533847408	0.0006760533155	0.0002848731205	0.3670452458	0.003065278066	0.06369468109	0.01372334316	0.01951512091	0.01467125936	0.002204697495	0.02322925866	0.01199308317	0.02533497739	0.0001266033794	0.004511994965	0.003032897286	0.003130044473	0.003731596015	0.003001554928	0.0006737958338	0.003561358224	0.01056897881	0.001726217457	0.01178792757	0.003811150028	0.001246881851
0.0075294341	0.001546046115	0.008117286897	7.236268252e-05	0.002088275851	0.0006154328541	0.0008585261187	0.0002331620389	0.003494020473	0.008828543897	0.0001078841665	0.0001043218607	0.0007205747569	0.0002400916189	5.710898158e-05	0.01702952937	0.2855902345	0.003046705355	0.005129493983	0.01838168347	0.01751635159	0.004007127413	0.0002691885735	0.0001251496069	0.001413547285	0.01175000278	0.00359804658	0.0001399410667	0.007202124469	4.043182914e-05	8.532992491e-05	0.003867587694	0.002176171271	0.0005094365435	0.0003550734505	0.0326661262	0.3173828223	0.03665061622	0.003727967203	0.02252247751	0.0258377941	0.001071513631	0.02426471154	0.01092211146	0.0274925356	7.409290941e-05	0.001318085836	0.01991503643	0.02055293794	0.001767493228	0.01970809809	0.0002608465693	0.001518236254	0.006989868778	0.0009625221647	0.004930938508	0.0016693853	0.0009475530618
0.02174209522	0.01622854509	0.02452006673	0.0001594563105	0.001865780079	0.001792772912	0.001217711465	0.0003943984923	0.01742981444	0.02303356769	0.0002377304232	0.0002298806295	0.001691904185	0.0006396367141	0.0001258436971	0.02957086946	0.03135109939	0.02083627864	0.01779549915	0.03191099481	0.03212135485	0.01993086064	0.0006052315412	0.0004170852602	0.01483773066	0.02788307696	0.01879823703	0.0006055464271	0.02306806628	8.909440718e-05	0.0001880305501	0.01898489654	0.01404418831	0.0006152319177	0.0002851156364	0.04092816742	0.002209900167	0.3847143833	0.01024502853	0.01489876368	0.0153641168	0.001964933702	0.03149234447	0.009561954058	0.01898656311	0.0001665871815	0.003127842495	0.002186203206	0.002256229808	0.003894796864	0.002163670372	0.000359144647	0.002635372136	0.01738536188	0.001673921	0.01437930315	0.002898088508	0.00125963099
0.004325188117	0.002408083058	0.007457895235	0.0002390568564	0.00669260722	0.002413358955	0.001855989435	0.0005698201968	0.005331018939	0.09418413403	0.0003564053845	0.0003446369758	0.002192678605	0.0008894581686	0.0001886648357	0.01746520507	0.01771522845	0.005644879114	0.00489209446	0.01726966718	0.01743981762	0.003453081535	0.0007933046151	0.0003836928081	0.002201706167	0.08750269978	0.005498398193	0.0003997422509	0.08689000012	0.0001335703105	0.0002818953485	0.00334386561	0.002455405677	0.001452805293	0.001009118508	0.0491355908	0.001252508218	0.05708609018	0.3480915439	0.02627513945	0.006642717152	0.00106683188	0.009586167707	0.00437067059	0.03966606733	0.000218353425	0.009815431503	0.001235334326	0.001274903505	0.005839078377	0.001223236337	0.0005333225529	0.001559868988	0.004943276081	0.001949560622	0.01934954773	0.001568394351	0.001641190914
0.00686340629	0.001917701753	0.008818764986	0.0001764261075	0.00229371107	0.002212959281	0.003327640117	0.0005499255706	0.004190180713	0.0481315611	0.0002630303754	0.0002543451841	0.002264182332	0.0007658043928	0.0001392363435	0.05477873485	0.058797939	0.005414124005	0.005829314276	0.06002898864	0.0577605645	0.004128763017	0.0005841801542	0.000284717364	0.00175335139	0.05858071282	0.004323914774	0.0002982701639	0.01064147777	9.857608902e-05	0.0002080412995	0.00408938797	0.002820493289	0.001060401952	0.0003534167328	0.03826309084	0.004143784928	0.04546109606	0.01438856798	0.3291847155	0.02014598041	0.00353334037	0.02156271437	0.01212061429	0.030881454	0.0001607928846	0.006571185991	0.00410015104	0.004231483592	0.004309292295	0.004057755827	0.0007877365752	0.004882660488	0.009441303158	0.002636632915	0.01775559192	0.005451704754	0.001924104129
0.05495870552	0.002095435336	0.01007273899	0.0001156039399	0.001829152806	0.001499717124	0.001357854901	0.0003191555945	0.00385641422	0.009724819891	0.0001723517462	0.0001666607386	0.001735021828	0.0005143748604	9.123519257e-05	0.06512713759	0.07148134375	0.004922484114	0.006764268572	0.06906338409	0.05739436498	0.005652391813	0.0003649984278	0.0001958073037	0.001915852897	0.01157565833	0.004011335887	0.0002148853433	0.007275375171	6.459239187e-05	0.0001363199258	0.00546686465	0.003064349571	0.0005852636444	0.0002853672618	0.03047979395	0.005037004134	0.04967445378	0.003854376489	0.02134638004	0.3514793674	0.003510939142	0.03511456901	0.01336825568	0.02380374053	0.0001004641285	0.001298561423	0.004984601687	0.00514426421	0.00282368168	0.004932953389	0.0003600814758	0.005801843315	0.01020466684	0.002400352118	0.01203410485	0.006272189286	0.00190206707
0.007606937182	0.001721889149	0.01062166447	0.0002683163679	0.004953964847	0.003425969007	0.002846518909	0.0006407760259	0.00344832599	0.011470111	0.0004000278415	0.0003868190312	0.005170085118	0.001179966281	0.0002117565847	0.01947620583	0.01900441011	0.007635796872	0.00766610614	0.01976695742	0.2423380039	0.004531234881	0.0008053086871	0.0004198441895	0.001574320265	0.01118460068	0.003576376606	0.0004259333156	0.006629162238	0.0001499187311	0.0003163981036	0.004838876252	0.004297160958	0.001393115197	0.0007478098023	0.02942959361	0.001342162803	0.04081915651	0.003977360741	0.0240553638	0.02255869257	0.3174304296	0.02763504615	0.02313274955	0.02144508056	0.0002216574902	0.001254842597	0.001325232707	0.001367681434	0.006553755978	0.001312003895	0.0007327319047	0.001739393995	0.01970583233	0.009119268517	0.0274895671	0.001795192926	0.004426535322
0.03799274056	0.002975893898	0.04108087886	0.0001332085306	0.001681209768	0.0012880443	0.001239075655	0.0003428338038	0.00484899394	0.009359394943	0.0001985981004	0.0001920404452	0.001513010752	0.0004812587056	0.0001051288213	0.04317468487	0.04650659228	0.006312105976	0.02928604816	0.04835455711	0.04871484331	0.03596408743	0.0003941445384	0.0002318123266	0.002720854635	0.01121881657	0.00507769973	0.0002606197824	0.007737908753	7.442875749e-05	0.0001570792226	0.032357237	0.004669062579	0.0005486478804	0.0002595315173	0.03343688168	0.003277462968	0.07054663123	0.003853888824	0.01583015059	0.02432949692	0.002979993772	0.3319657798	0.01500521917	0.01773086888	0.0001084864606	0.001258544189	0.003243039738	0.003346918029	0.003253682251	0.003209492017	0.000345579806	0.003846763042	0.01651040023	0.002064745671	0.01032545151	0.004391457775	0.001685991968
0.008410347614	0.002075735351	0.06850253984	0.0001525620624	0.002322068788	0.001809823014	0.001530795503	0.0004020615548	0.004423436408	0.01024796007	0.0002274519181	0.0002199415178	0.002365166971	0.0006359299786	0.0001204027229	0.04634024482	0.0480848939	0.005420133822	0.007328995398	0.05900503387	0.09367878533	0.005569817112	0.0004545592029	0.0002508059626	0.001897841235	0.0118973868	0.004568791404	0.0002676000321	0.007662537206	8.524232418e-05	0.0001799008671	0.005458811953	0.003318048625	0.0007055177881	0.0003561439847	0.03965830452	0.003389082522	0.04920744534	0.00403659441	0.02044179959	0.0212781276	0.005730536688	0.03447110636	0.3367486864	0.02166791869	0.0001251153175	0.001334679381	0.003353099293	0.003460502919	0.003726401549	0.003318478744	0.0004183050808	0.004129223966	0.01190633062	0.003690955786	0.01451857064	0.005358711365	0.002052708267
0.006749777475	0.002069721744	0.008891120487	0.0001420114877	0.001857831145	0.001804033547	0.001812249912	0.0004088124506	0.004571607376	0.03639180214	0.0002117222641	0.0002047312527	0.001807346277	0.0006221830593	0.000112076158	0.05526927164	0.06078976273	0.005032658621	0.005816589856	0.05635378712	0.04360958495	0.004174959678	0.0005609049316	0.0002349770308	0.001892343005	0.05624113083	0.004713791185	0.0002522816435	0.04233984248	7.934731009e-05	0.0001674596514	0.004099664146	0.002778214385	0.0007144638548	0.0002881458165	0.04206918467	0.004283814063	0.0490648866	0.01839612957	0.02615366231	0.01902585356	0.002667693925	0.02045423182	0.01088071597	0.3342748966	0.0001543864873	0.006308747612	0.004239046693	0.004374828232	0.003468698701	0.004195157525	0.000471226597	0.004924501932	0.008498033005	0.002036830047	0.0144751343	0.005117930789	0.001398201352
0.0004110164703	0.0001053358188	0.0004944688938	0.004668192237	0.02744668106	0.0006223005516	0.02710243527	0.008777676662	0.0001739241844	0.001394326642	0.00695972027	0.006729912203	0.004915600524	0.005591301428	0.003684160056	0.0009052667182	0.0006891311763	0.0006359780785	0.0002371507748	0.0006825683615	0.002614601902	0.0003769918829	0.2619193135	0.006975482922	9.630835666e-05	0.0006774255575	0.0003168312438	0.006718523574	0.0005365351172	0.002608299532	0.005504722589	0.0002528614994	0.000136872274	0.06410749335	0.00412811046	0.001219432491	6.696707879e-05	0.002497094124	0.000587403072	0.0007898970433	0.0004657778729	0.0001599409309	0.0007259347497	0.0003644346384	0.0008955259518	0.3928381957	0.0001628759803	4.805511821e-05	4.95943789e-05	0.1140228344	5.06433716e-05	0.007930038648	0.0001209373704	0.0004037269543	0.004692150776	0.00361268836	6.198940322e-05	0.009036340488
0.004175963844	0.002247932801	0.007308816516	9.253434824e-05	0.001264886156	0.0008420868605	0.000936186782	0.0002905221295	0.005201306135	0.01919427271	0.0001379577246	0.0001334023981	0.0008414782922	0.0003209728073	7.302855843e-05	0.0178136264	0.01920818212	0.003756781926	0.004721905215	0.01876683698	0.01682350058	0.003279666398	0.0006725753845	0.0001630218087	0.002055281065	0.2642503511	0.005350344264	0.0001852298696	0.01622061572	5.170251886e-05	0.0001091163112	0.003168640424	0.002283631263	0.0004928190569	0.0001929974897	0.04939523136	0.001354042678	0.05328956332	0.03001162804	0.03669030946	0.006842806863	0.001029130416	0.009571818786	0.004418654766	0.04159259304	0.0001851232628	0.3202441295	0.001339442321	0.001382346198	0.002260195838	0.001325650611	0.0002710694884	0.001587837479	0.004560583167	0.000893256107	0.006748859859	0.00170436412	0.0006731893324
0.007566886275	0.001553876405	0.008158963042	5.795099814e-05	0.0008821404106	0.0006134190603	0.0007160270464	0.0002027039488	0.003512053792	0.008865677826	8.639805645e-05	8.354521617e-05	0.0006605778391	0.0002228066465	4.573521006e-05	0.01711526939	0.2871909849	0.003057084842	0.005155803186	0.01847720405	0.01757141586	0.004027339164	0.0001962506358	0.0001037047165	0.001420706505	0.0118090203	0.003616174298	0.0001193886055	0.007236760195	3.237946375e-05	6.833569663e-05	0.003886529139	0.002186992227	0.0002978069289	0.000173899107	0.03283685964	0.0202328593	0.03683624131	0.003735529448	0.02264096676	0.02597704473	0.001074882033	0.0243930309	0.01097860173	0.0276393955	5.401707952e-05	0.001324681629	0.3164705721	0.02066813839	0.001415480925	0.01981842613	0.0002249838511	0.001525260299	0.007023993191	0.0008128293607	0.004919040029	0.001678060274	0.0007472943991
0.007586528334	0.001557909944	0.008180142009	5.810142685e-05	0.0008844302632	0.0006150113683	0.0007178857034	0.000203230126	0.003521170352	0.008888691277	8.662232779e-05	8.376208214e-05	0.0006622925615	0.0002233850061	4.585392913e-05	0.01715969706	0.2879364728	0.003065020397	0.005169186576	0.01852516702	0.01761702759	0.004037793297	0.0001967600615	0.0001039739124	0.001424394363	0.01183967405	0.003625561133	0.0001196985135	0.007255545316	3.246351409e-05	6.851308185e-05	0.003896617758	0.002192669203	0.0002985799736	0.0001743505128	0.03292209729	0.02028537958	0.03693186051	0.003745226104	0.02269973799	0.02604447572	0.001077672203	0.02445635012	0.01100709989	0.02771114161	5.415729659e-05	0.001328120226	0.02007864644	0.3153394143	0.001419155218	0.01986987064	0.0002255678622	0.001529219557	0.007042226013	0.0008149392963	0.004931808832	0.001682416169	0.0007492342196
0.001051235873	0.0002263921598	0.001523951681	0.0193646138	0.04456500291	0.002137849193	0.04273305306	0.03198659399	0.000417351383	0.004561432537	0.02887033959	0.02791704885	0.01725700809	0.02308151923	0.01528264755	0.002362860083	0.001660033662	0.001876436885	0.0006019589591	0.001618260223	0.007106495804	0.001245776751	0.03808148547	0.02893340567	0.0002069899594	0.001517075546	0.00099365424	0.02786492617	0.00149574412	0.0108197586	0.02283471237	0.0006268798024	0.0003272801823	0.02219584918	0.006702864585	0.003304069398	0.0001468535808	0.005366859423	0.00144398468	0.001946039675	0.001203443329	0.0004347199293	0.00200142472	0.0009977940131	0.001849598836	0.01048175268	0.0001828033681	0.0001157589681	0.000119466861	0.4729899799	0.0001195689763	0.01907875611	0.0002744773408	0.001078376873	0.01077254479	0.01141654905	0.000146966943	0.01447972234
0.007639878837	0.00156884136	0.008237442189	6.106421406e-05	0.001101002131	0.000620213829	0.0007483123838	0.0002101264269	0.003545819133	0.008952371315	9.103949169e-05	8.803339249e-05	0.0006779439699	0.0002281512013	4.819217523e-05	0.01728018997	0.2899301613	0.003087400126	0.005205400291	0.01865473406	0.01774645951	0.004066139747	0.0002109871572	0.0001085208196	0.001434388938	0.01192283495	0.003651017166	0.0001242144098	0.007306773744	3.411893788e-05	7.200679438e-05	0.00392407106	0.002208089254	0.0003377112902	0.0002072093437	0.03315218799	0.02042597793	0.03719100099	0.003773462302	0.0228582516	0.02622577197	0.001085589837	0.02462701541	0.01108413084	0.02790426578	5.807323886e-05	0.001337453094	0.02021767213	0.02086526741	0.001491522717	0.309201692	0.0002335795884	0.001540064705	0.007091860177	0.0008473818172	0.004972789064	0.001694183172	0.0007899452927
0.0007966414416	0.0001279246154	0.0007955771936	0.004786467421	0.02816531368	0.001024888721	0.1507226264	0.12790224	0.0003498461808	0.002195259927	0.007136054523	0.006900423948	0.005314996984	0.005830930055	0.003777503407	0.001928102201	0.00161685983	0.001122284393	0.0004353826105	0.001487418412	0.004868761384	0.000462463772	0.01622951357	0.007152436084	0.0001169612543	0.001149708567	0.0004957561159	0.006889208468	0.0008300979171	0.002674384451	0.005644192439	0.000446701995	0.0002038196214	0.03520195468	0.004236326779	0.003655872259	0.0001328067235	0.003032584823	0.0008081954135	0.002179891607	0.0009404134654	0.0002978328086	0.00130262866	0.0006863608968	0.001539745388	0.004467098522	0.0001343466711	0.0001127483314	0.0001163597901	0.1169117625	0.0001147444474	0.3796189657	0.0003491444189	0.0007295261286	0.004966614825	0.006817083088	0.0001350841687	0.03193116034
0.008852676069	0.00185635295	0.009687863333	0.0001361775225	0.002283366714	0.002543497349	0.002967505811	0.0004649304686	0.004130965738	0.01229763632	0.0002030245147	0.0001963207005	0.002081212315	0.0008026667555	0.0001074719642	0.2545630031	0.02167698472	0.005657407304	0.006202283386	0.02167013647	0.02285626354	0.004767910341	0.0004894683347	0.0002239094789	0.001697260286	0.01387281478	0.004258278464	0.0002389430054	0.008510209728	7.608764807e-05	0.0001605802516	0.004629535212	0.002708852974	0.0009725196925	0.0003465324839	0.03821309654	0.001528650389	0.04400675946	0.004674642858	0.0267204825	0.02996525207	0.001398167753	0.02867487859	0.01339867068	0.03182110887	0.0001347238945	0.001556274504	0.001511599096	0.001560017353	0.003326201301	0.001496131058	0.0006904607323	0.3106423915	0.009003033228	0.001585842106	0.02042755544	0.001968035589	0.001505374786
0.008039948306	0.003107756375	0.009998615893	0.0001357732222	0.00199151084	0.002734218151	0.00136217506	0.0003452783956	0.004672533802	0.01011182118	0.000202421751	0.0001957378399	0.002644405023	0.0008504975225	0.0001071528884	0.0256309276	0.02533282457	0.04445557511	0.06795993071	0.03206661441	0.06571230182	0.006317078591	0.0004146641156	0.0002370972661	0.002841416269	0.01011151413	0.004917251387	0.0002673658305	0.007174810295	7.586174987e-05	0.0001601035016	0.01914639073	0.05677938546	0.0006194128627	0.0003031618034	0.02877890245	0.001786004154	0.07367256711	0.003759410996	0.01311186112	0.01337504951	0.004019765576	0.0312326175	0.009804283033	0.01393529091	0.0001141343793	0.001134345003	0.001766531425	0.001823115458	0.003316326073	0.001748378524	0.0003661165488	0.00228472262	0.3475039537	0.002954998501	0.02196246134	0.002912221548	0.001613408056
0.002357672238	0.0005636951141	0.003015833166	0.002555100281	0.11063934	0.004576813182	0.01659547547	0.004931325192	0.001079196499	0.007556976934	0.003809351097	0.003683567362	0.1232156883	0.004133204664	0.00201649759	0.007840142404	0.005522617921	0.006007170148	0.002205647498	0.005662871059	0.05728725098	0.001419735755	0.009078764461	0.003823555778	0.0005153854661	0.003704538989	0.001193216978	0.003689062665	0.002449939269	0.001427633338	0.003012968944	0.001506998269	0.001267782299	0.02056676232	0.01664107325	0.008854882155	0.0004633084943	0.01336297351	0.002793108245	0.006898078757	0.00592676359	0.003504386744	0.007358061734	0.005725624025	0.006292141784	0.002498887914	0.0004185495294	0.0003851081857	0.0003974436437	0.06240954988	0.0003935505478	0.004695534878	0.0007581421714	0.005566770876	0.3591886722	0.03606730904	0.0005142898752	0.01997400734
0.004725053875	0.001790306459	0.00621010479	0.001001162822	0.01046463033	0.04553651186	0.009173400878	0.002136676863	0.003059993663	0.05395062037	0.001492614878	0.001443329141	0.03135066493	0.01269777462	0.0007901225766	0.04038771975	0.01235680513	0.05232314393	0.005696428722	0.01264731907	0.06384782471	0.003243325875	0.002584434415	0.001515477545	0.001636874093	0.01041565569	0.003222035065	0.001481858031	0.007174174995	0.0005593883858	0.00118056912	0.003517765486	0.003651971394	0.003712228771	0.00157566584	0.02235655931	0.000877544879	0.04244105934	0.01024948554	0.01717488588	0.01098592592	0.003905711423	0.01360461137	0.00832699055	0.01653280468	0.0007113536155	0.001169180329	0.000861675907	0.000889276377	0.02445388212	0.0008538894428	0.002382886756	0.003610666144	0.01529703701	0.01333502908	0.3661461799	0.001148602551	0.004131127758
0.00948948335	0.001983796407	0.01085744302	7.085743774e-05	0.001060069296	0.0007873541717	0.0009685472758	0.0002422245465	0.004344628752	0.01095983805	0.0001056400252	0.0001021518204	0.0008463112849	0.0002818798046	5.592103506e-05	0.02145980197	0.02317551072	0.004148147881	0.00694774879	0.2506156793	0.02292372812	0.005207763444	0.0002438082444	0.0001277252377	0.001813781618	0.01447143008	0.004479590493	0.0001479214729	0.008740614351	3.959079067e-05	8.355494339e-05	0.005105646619	0.003135389474	0.0003795019492	0.0001627622863	0.03973923193	0.001633398869	0.04702793794	0.004567540785	0.02899258566	0.03148023369	0.001402294709	0.03181132189	0.01689742359	0.03213766045	6.710709125e-05	0.001623339622	0.001616095666	0.001667861068	0.001730726902	0.001599402926	0.0002596002981	0.001912492761	0.01115184269	0.001045403901	0.006314888587	0.3185589905	0.001196774376
0.005187743112	0.0003884447843	0.001970613957	0.003145042511	0.1342911537	0.001388298711	0.1307473396	0.01305992162	0.0007280793865	0.003529126938	0.004688884905	0.004534059203	0.008880862349	0.004012374378	0.002482082872	0.005208351005	0.004649582816	0.002076301693	0.00135169523	0.005936650522	0.02546469963	0.001079221383	0.01601120513	0.004703003431	0.0003551543933	0.002527832153	0.000846917583	0.004533744858	0.00172500881	0.001757256876	0.003708627596	0.002621001321	0.000708187153	0.04642414849	0.02019820718	0.005857188894	0.0004176761796	0.009208483868	0.002153211901	0.004609817112	0.004300759143	0.001557731507	0.005502106713	0.002916002287	0.003955396913	0.004407010134	0.0002888582224	0.0003242289125	0.0003346143374	0.07681917179	0.0003359657774	0.02764495809	0.0006590403308	0.002783344402	0.01829118534	0.01023210634	0.0005391539423	0.3459411626
