# Created by Octave 4.2.2, Wed Apr 08 14:28:29 2020 CEST <melian@melian-XPS-13-9350>
# name: DIVG
# type: matrix
# rows: 101
# columns: 1
 33
 30
 31
 30
 32
 27
 31
 30
 36
 27
 31
 32
 31
 32
 29
 31
 35
 29
 33
 26
 30
 30
 31
 31
 29
 30
 32
 33
 31
 30
 32
 33
 30
 28
 32
 31
 34
 33
 31
 34
 30
 31
 31
 27
 30
 30
 32
 30
 33
 26
 33
 30
 31
 35
 29
 32
 33
 28
 34
 31
 33
 30
 31
 34
 30
 32
 30
 33
 32
 30
 29
 29
 31
 29
 30
 31
 33
 30
 32
 33
 32
 32
 31
 32
 34
 28
 31
 33
 35
 31
 32
 31
 34
 30
 29
 30
 30
 31
 30
 30
 30


